6
12
5
6
13
12
6
7
13
5
12
4
7
15
13
13
14
12
13
15
14
8
23
7
7
23
15
12
3
4
12
14
3
14
11
3
23
17
15
23
18
17
15
16
14
15
17
16
14
16
11
17
19
16
11
19
2
11
16
19
2
3
11
23
8
18
18
8
24
24
10
18
18
20
17
18
10
20
17
20
19
10
22
20
10
24
22
20
21
19
20
22
21
19
1
2
19
21
1
24
9
22
24
8
9
22
0
21
21
0
1
22
9
0
27
32
33
27
33
34
27
34
26
26
35
25
26
34
35
25
35
36
29
30
28
28
30
31
31
32
28
28
32
27
53
37
38
59
53
57
53
38
39
57
53
39
39
40
57
64
55
63
57
40
55
55
41
63
40
41
55
41
42
63
63
42
43
56
58
64
56
43
44
63
43
56
64
63
56
58
56
44
45
54
58
58
44
45
46
54
45
54
46
47
54
60
58
62
60
54
62
48
49
47
62
54
48
62
47
66
60
62
50
62
49
61
53
59
61
59
66
53
61
37
61
52
37
51
52
61
51
61
50
66
59
65
60
66
65
50
66
62
61
66
50
65
58
60
57
55
64
58
65
64
59
57
64
59
64
65
71
92
70
92
71
72
84
88
92
86
72
73
85
92
72
85
72
86
84
92
85
75
73
74
86
73
75
76
86
75
91
90
84
91
84
85
76
77
85
76
85
86
91
85
77
78
91
77
90
91
78
87
68
69
88
69
70
92
88
70
87
69
88
82
68
87
67
68
82
83
87
88
82
87
83
89
67
82
83
88
84
81
67
89
83
89
82
90
83
84
90
89
83
80
81
89
80
89
90
79
80
90
79
90
78
110
120
109
109
121
126
109
120
121
111
119
110
110
119
120
121
122
126
111
112
119
112
113
119
121
120
114
120
119
114
119
113
114
121
114
122
122
114
123
105
130
104
104
131
103
104
130
131
103
131
102
105
129
130
105
106
129
131
130
102
106
128
129
106
107
128
102
130
101
130
129
101
129
100
101
129
128
100
107
127
128
107
108
127
128
99
100
128
127
99
108
109
127
109
126
127
127
98
99
98
126
97
98
127
126
97
122
96
122
97
126
96
122
123
123
95
96
114
115
123
123
115
124
123
124
95
124
115
116
95
124
94
94
124
125
116
117
124
124
117
125
125
93
94
117
118
125
125
118
93
134
135
132
133
134
132
139
136
137
138
139
137
167
154
155
166
154
167
167
155
140
168
166
167
168
167
140
165
154
166
165
166
168
153
154
165
151
152
153
156
168
140
164
165
168
165
151
153
169
168
156
164
168
169
164
151
165
141
156
140
161
151
164
150
151
161
141
169
156
170
164
169
170
169
141
163
161
164
170
163
164
157
150
161
149
150
157
159
161
163
157
161
159
158
149
157
158
157
159
142
170
141
162
163
170
159
163
162
160
158
159
160
159
162
171
162
170
171
170
142
148
149
158
147
158
160
148
158
147
146
147
160
145
160
162
146
160
145
144
162
171
145
162
144
143
171
142
144
171
143
173
175
176
173
177
172
177
173
176
174
175
173
180
181
178
179
180
178
207
192
193
206
192
207
207
193
194
208
206
207
208
207
194
205
192
206
205
206
208
191
192
205
189
190
191
198
208
194
204
205
208
205
189
191
209
208
198
204
208
209
204
189
205
195
198
194
203
188
189
195
209
198
210
204
209
210
209
195
204
203
189
210
203
204
200
188
203
199
187
188
200
199
188
196
210
195
202
203
210
200
203
202
201
199
200
201
200
202
211
202
210
211
210
196
186
187
199
185
199
201
186
199
185
184
185
201
183
201
202
184
201
183
197
211
196
182
202
211
182
211
197
183
202
182
212
213
216
216
213
215
212
216
217
214
215
213
219
221
218
220
221
219
222
226
227
225
226
222
223
225
222
224
225
223
235
237
228
237
235
236
229
230
228
230
235
228
233
235
230
233
234
235
233
230
231
232
233
231
276
258
259
260
257
258
260
258
276
269
256
257
269
257
260
261
269
260
277
260
276
261
260
277
276
259
238
270
256
269
270
269
261
255
256
270
262
270
261
278
261
277
262
261
278
271
255
270
271
270
262
254
255
271
263
271
262
279
262
278
263
262
279
277
276
238
272
254
271
272
271
263
253
254
272
272
252
253
273
252
272
264
272
263
280
264
263
273
272
264
239
277
238
279
280
263
265
273
264
265
264
280
241
281
280
265
280
281
274
252
273
274
273
265
251
252
274
266
274
265
266
265
281
278
277
239
278
239
240
279
278
240
280
279
240
240
241
280
275
251
274
275
274
266
242
282
281
242
281
241
266
281
282
250
251
275
282
242
243
249
250
275
267
266
282
248
249
275
244
282
243
267
282
244
247
248
275
268
267
244
245
268
244
268
247
267
267
275
266
267
247
275
246
268
245
246
247
268
321
307
308
319
296
297
318
297
298
313
319
297
313
297
318
317
318
298
317
298
299
312
313
318
312
318
317
320
296
319
295
296
320
316
317
299
320
308
295
320
312
321
308
320
321
319
312
320
313
312
319
311
321
312
312
316
311
316
312
317
315
311
316
310
311
315
322
321
311
322
311
310
316
299
283
315
316
283
314
310
315
284
314
315
323
322
310
309
323
310
309
310
314
283
284
315
286
287
309
285
314
284
286
309
314
285
286
314
308
294
295
287
323
309
307
294
308
306
307
321
306
321
322
304
322
323
287
288
323
300
294
307
293
294
300
292
293
300
301
300
307
301
307
306
292
300
301
291
292
301
305
306
322
302
301
306
302
306
305
291
301
302
303
302
305
290
291
302
304
305
322
303
305
304
303
290
302
289
290
303
304
289
303
288
289
304
288
304
323
373
331
332
374
373
332
374
332
333
363
362
373
375
374
333
334
375
333
335
375
334
375
365
374
336
375
335
364
363
373
374
364
373
365
364
374
375
337
365
336
337
375
368
343
367
368
367
363
342
343
368
364
368
363
369
342
368
369
368
364
341
342
369
365
369
364
370
341
369
370
369
365
340
341
370
337
370
365
338
340
370
338
370
337
339
340
338
324
359
360
325
359
324
358
359
325
326
358
325
327
358
326
357
358
327
328
357
327
356
357
328
371
356
328
361
356
371
330
372
371
361
371
372
362
361
372
371
328
329
372
331
373
371
329
330
331
372
330
362
372
373
350
351
352
349
350
352
348
349
352
348
352
353
347
348
353
347
353
354
346
347
354
346
354
355
361
355
356
366
345
346
344
345
366
355
366
346
367
344
366
355
361
366
362
366
361
343
344
367
362
367
366
363
367
362
392
393
411
393
409
411
392
411
391
394
402
393
394
395
402
391
411
390
411
389
390
409
410
411
411
410
389
409
408
410
410
388
389
410
387
388
410
408
387
385
386
408
408
386
387
398
406
407
398
399
406
407
406
405
406
404
405
399
376
406
398
403
397
397
403
396
376
377
406
396
403
395
377
378
406
406
378
404
378
379
404
379
380
404
404
381
405
404
380
381
405
381
382
393
402
409
402
400
401
402
401
409
409
401
408
401
385
408
401
384
385
398
407
403
395
403
402
403
400
402
384
401
400
403
407
400
384
400
383
407
405
400
383
400
382
400
405
382
424
412
423
425
412
424
421
412
425
420
421
425
419
420
425
418
424
417
425
424
418
419
425
418
422
414
415
423
413
414
423
414
422
412
413
423
416
422
415
416
417
423
416
423
422
424
423
417
442
460
441
443
459
442
442
459
460
441
461
440
441
460
461
461
460
455
460
459
455
443
458
459
443
444
458
439
440
462
455
459
454
440
461
462
461
455
462
455
454
462
454
459
458
439
462
438
462
463
438
462
454
463
444
457
458
458
457
454
444
445
457
457
453
454
454
453
463
463
437
438
453
464
463
453
452
464
463
436
437
463
464
436
464
435
436
445
446
457
457
446
456
457
456
453
456
446
465
456
452
453
465
433
456
456
433
452
446
466
465
446
447
466
464
452
435
433
434
452
452
434
435
465
466
433
447
467
466
466
432
433
466
431
432
448
467
447
467
431
466
449
468
448
448
468
467
468
430
467
467
430
431
450
469
449
468
449
469
468
469
429
429
470
428
470
429
469
468
429
430
469
450
470
470
450
451
470
451
426
470
427
428
470
426
427
483
471
482
484
471
483
480
471
484
479
480
484
478
479
484
477
483
476
484
483
477
478
484
477
481
473
474
482
472
473
482
473
481
471
472
482
475
481
474
475
476
482
475
482
481
483
482
476
489
487
488
486
489
485
486
487
489
491
493
494
491
494
490
492
493
491
506
498
505
497
498
506
507
497
506
495
496
497
507
495
497
500
503
499
504
499
503
502
500
501
503
500
502
505
499
504
498
499
505
516
517
511
516
511
512
515
516
512
515
512
513
515
513
514
509
519
508
510
519
509
518
519
510
510
517
518
511
517
510
527
534
526
533
534
527
529
530
531
528
529
532
533
528
532
529
531
532
527
528
533
523
521
522
521
524
520
523
524
521
524
537
520
524
536
537
524
535
536
525
535
524
534
535
525
526
534
525
569
562
538
568
562
569
568
567
562
567
561
562
570
569
538
570
538
539
566
561
567
571
570
539
571
539
540
571
540
541
565
561
566
560
561
565
575
568
569
576
569
570
575
569
576
577
570
571
576
570
577
574
567
568
574
568
575
566
567
574
553
565
566
564
560
565
572
571
541
559
560
564
574
553
566
554
564
565
572
541
542
563
559
564
553
554
565
563
564
554
552
553
574
558
559
563
555
563
554
573
572
542
573
542
543
557
558
563
556
557
563
555
556
563
572
547
577
572
577
571
548
575
576
548
576
577
548
577
547
551
574
575
550
551
575
552
574
551
543
545
573
544
545
543
548
550
575
549
550
548
546
547
572
546
572
573
546
573
545
578
580
579
580
581
579
584
585
582
583
584
582
591
586
587
591
587
588
589
591
588
590
591
589
597
599
600
597
598
599
600
592
597
592
600
601
593
594
592
594
597
592
596
597
594
595
596
594
614
616
613
614
617
616
614
602
617
613
616
612
602
619
617
617
618
616
617
619
618
602
603
619
616
618
612
618
615
612
603
621
619
603
604
621
619
620
618
619
621
620
618
620
615
621
622
620
615
622
611
615
620
622
611
612
615
604
623
621
604
605
623
621
623
622
605
625
623
605
606
625
623
624
622
623
625
624
622
610
611
622
624
610
606
608
625
606
607
608
625
609
624
624
609
610
625
608
609
642
640
626
639
640
642
643
642
626
643
626
627
644
643
627
644
627
628
641
639
642
638
639
641
637
638
641
645
644
628
645
628
629
646
643
644
646
644
645
647
642
643
647
643
646
641
642
647
648
641
647
637
641
648
630
645
629
636
637
648
650
647
646
648
647
650
651
646
645
652
651
645
650
646
651
649
648
650
636
648
649
630
652
645
631
652
630
635
636
649
653
650
651
649
650
653
632
652
631
634
649
653
635
649
634
633
653
651
632
633
651
632
651
652
634
653
633
665
666
689
666
687
689
665
689
664
668
680
667
666
667
680
664
689
663
689
662
663
687
688
689
689
688
662
687
686
688
688
661
662
688
660
661
688
686
660
658
659
686
686
659
660
687
666
680
680
669
681
680
678
679
680
679
687
679
678
657
687
679
686
679
658
686
679
657
658
669
685
681
681
678
680
678
656
657
681
685
678
685
683
678
683
655
678
678
655
656
671
684
685
671
672
684
685
684
683
684
682
683
672
673
684
671
685
670
669
670
685
673
674
684
668
669
680
674
675
684
684
675
682
675
676
682
676
677
682
682
654
683
682
677
654
683
654
655
690
721
711
721
723
711
711
723
710
690
691
721
710
723
709
691
692
714
723
708
709
721
722
723
723
722
708
721
720
722
722
707
708
722
706
707
722
720
706
704
705
720
720
705
706
721
691
714
714
712
713
714
713
721
713
702
703
721
713
720
720
703
704
720
713
703
693
719
715
692
715
714
715
712
714
713
712
702
715
719
712
719
717
712
702
712
701
712
717
701
694
719
693
694
718
719
719
718
717
718
716
717
694
695
718
693
715
692
695
696
718
696
697
718
718
697
716
697
698
716
698
699
716
716
699
717
717
700
701
717
699
700
762
754
755
762
755
756
766
743
744
742
743
766
766
744
745
753
754
762
741
742
766
765
766
745
741
766
765
724
761
762
753
762
761
752
753
761
756
724
762
765
745
746
740
741
765
751
752
761
725
761
724
760
751
761
764
740
765
764
765
746
764
746
747
725
760
761
763
764
747
763
747
748
739
740
764
739
764
763
760
750
751
759
750
760
726
760
725
759
760
726
749
738
763
749
763
748
739
763
738
759
749
750
727
749
759
738
749
727
727
759
726
737
738
727
728
737
727
728
736
737
729
736
728
729
757
736
758
729
730
758
757
729
735
736
757
734
735
757
731
758
730
732
757
758
732
758
731
733
734
757
732
733
757
775
776
767
774
775
767
773
767
768
774
767
773
772
769
770
768
769
772
772
770
771
773
768
772
777
778
779
777
779
780
788
786
787
790
786
788
789
790
788
784
786
790
784
790
789
785
786
784
782
787
781
783
788
787
783
787
782
789
788
783
784
789
783
